374
11040167 41.308914 -72.113281 264.7 87.4 2100 192
10582731 39.861936 -75.268799 258.1 155.3 950 3520
11236659 39.065414 -77.559894 251.6 85.4 900 768
10594664 40.73428 -74.108337 91.0 85.0 -25 -64
10945331 40.671021 -73.807129 73.1 172.0 -250 -448
11168374 38.910004 -77.469376 279.6 209.0 2625 1856
10616347 42.093744 -73.369382 180.0 84.0 6600 1408
11327501 39.44133 -76.329067 41.3 174.3 2250 128
10526290 40.014084 -75.064026 229.5 109.2 1025 128
11068118 38.427887 -71.73481 314.5 417.0 38000 0
10865791 41.362687 -72.957958 203.1 104.4 2600 -64
11202245 38.959149 -77.270142 262.6 294.5 11050 576
11238116 40.727994 -73.503467 29.6 335.9 10200 2112
10920046 39.220139 -77.000965 271.9 305.2 11625 1152
11381207 40.7272 -74.389 241.8 185.0 6750 92
11043773 38.041718 -71.936431 354.3 473.3 35975 64
11145703 38.966499 -77.157898 318.0 224.0 10100 3675
10624744 42.891884 -74.073357 212.9 148.0 4500 -192
10592694 40.866813 -73.949474 328.8 245.4 4225 2688
11267924 39.151084 -76.23938 86.9 406.6 15450 2880
10737575 38.8461 -77.403578 215.5 330.5 13450 2304
10684135 42.534801 -71.957901 270.0 94.0 3000 175
11253113 40.835251 -74.352535 254.7 337.9 14725 0
10708123 40.827988 -74.596497 239.0 145.8 2225 -64
10486153 39.616839 -75.774109 288.2 131.6 2250 0
10721021 40.754622 -74.020448 202.0 235.1 9000 3712
10739710 42.457306 -70.717808 349.0 318.9 10650 1152
10656200 42.37208 -71.007513 199.9 96.8 -225 0
11118055 40.947739 -72.827881 22.3 155.6 4200 960
10814230 41.001862 -74.562523 305.0 352.0 18550 4224
10634290 41.48785 -71.672684 345.0 146.0 7700 0
10512934 39.426544 -75.302444 286.0 105.0 2750 0
11181392 39.597985 -77.403503 328.0 399.8 25900 1472
10765636 41.096783 -74.766579 305.0 373.0 18675 2112
11108889 40.634471 -73.604216 28.4 296.7 6350 2880
10648302 39.339401 -75.798103 47.0 490.0 26700 1501
3951244 42.308945 -70.936037 79.1 242.4 2875 1728
11186879 42.520386 -74.065208 168.3 365.0 25400 576
10918127 39.506199 -74.933701 216.0 139.0 325 1
11037870 40.431473 -75.876587 304.3 335.0 16850 1280
10793499 40.530891 -74.679314 243.7 302.0 16775 3136
4838184 40.503109 -77.693298 151.2 448.0 35000 0
10685798 43.705799 -72.90213 213.0 159.0 13825 64
4218675 40.630329 -73.776817 122.1 174.0 700 2880
11041525 39.956955 -75.80304 112.8 108.5 2750 -64
11336704 40.870445 -73.558083 2.9 374.0 11425 1856
10494113 40.383135 -74.221198 229.4 279.4 13625 1600
10699412 40.150726 -74.297424 216.6 348.8 23800 1216
10727464 40.571346 -73.788361 206.5 244.0 2000 2880
11099603 38.458946 -73.748047 342.7 379.0 18000 -1472
10611578 41.049545 -72.655701 259.2 95.7 2600 128
10699033 41.559883 -75.015862 291.3 383.1 26475 1408
10841874 41.952784 -70.679328 247.7 78.9 2600 192
11277414 40.35498 -73.514893 142.3 346.4 11025 960
11374121 41.983246 -72.022372 224.5 84.1 4100 192
10786912 41.504631 -71.245888 327.0 123.0 1000 448
11080201 42.110367 -70.935974 142.3 173.2 4200 768
10507540 41.070511 -76.502258 345.3 263.7 15800 64
11043034 39.459 -75.467775 95.6 122.6 3100 -64
10998574 40.417816 -74.210274 155.8 263.0 5700 0
10522172 40.921783 -75.023926 270.5 334.0 19525 2368
11312359 39.632355 -77.064494 286.0 105.1 3400 320
11314150 42.213709 -71.336528 267.8 309.2 24050 2112
10871946 39.668381 -74.629112 225.5 343.7 34425 1152
11143582 40.378061 -74.146292 192.1 320.1 17150 1984
10494753 40.582984 -73.583055 271.2 97.0 100 64
10666806 40.318634 -75.319946 208.7 341.0 29000 0
11360279 40.5494 -72.3544 230.3 375.0 40000 2870
10673790 40.479965 -75.101791 224.1 314.0 23150 1792
10839982 40.064163 -75.328491 83.8 102.6 2300 0
10756128 39.292556 -73.986633 183.5 374.7 30550 1152
10890190 39.859001 -76.345497 301.0 335.0 30000 17
11273918 40.04361 -75.497559 226.9 324.0 31675 704
11296470 42.746841 -71.36494 275.8 138.7 5700 -256
11106210 41.028442 -77.565287 162.3 365.3 21175 -960
11156711 40.151413 -76.229065 236.6 334.2 19550 -1664
11130406 39.316589 -74.982941 203.7 365.0 34000 0
10524619 39.412308 -75.721117 9.8 99.5 1300 -1280
10921373 40.604816 -74.134491 266.8 106.0 975 -384
11299183 39.709338 -77.089478 148.7 134.6 2900 -192
11272884 42.894653 -71.883928 284.1 365.0 31100 1152
10965950 40.470374 -74.802912 259.5 93.6 2750 0
10529939 42.439953 -76.134679 122.3 369.0 23000 64
11083866 43.606155 -73.011749 136.9 194.0 9250 -320
10535274 40.994692 -73.124813 269.4 98.0 2450 448
11114139 39.34246 -74.094055 220.1 341.4 34000 0
10553662 39.008011 -76.092921 118.8 157.5 4750 0
10896161 43.18679 -73.091845 286.3 385.4 36000 0
10714879 39.833027 -75.805969 231.0 354.1 36000 0
10765169 40.6155 -73.056 202.9 314.8 35125 1344
11178752 41.69133 -73.118446 2.4 475.0 24175 1472
11195183 39.230301 -75.1399 208.0 360.0 37350 1084
10792497 39.4007 -75.116402 183.0 118.0 600 -893
10782703 41.874023 -74.816582 117.0 385.1 11125 -1536
11100470 39.6131 -75.7709 329.0 197.0 11750 1396
11252970 41.930283 -77.108604 289.9 388.0 36000 0
10653568 40.343811 -75.435608 232.4 319.4 31225 1152
11142050 39.994564 -76.562722 239.0 360.7 36000 0
10521221 40.084534 -75.834595 236.6 332.8 32925 768
10861094 39.255936 -74.882751 215.8 66.0 1900 768
10697410 42.453081 -73.509713 205.7 318.0 15775 0
10693327 39.035797 -75.227867 202.7 347.8 34000 0
10844326 38.6045 -77.066597 358.0 136.0 700 6
10522242 40.468279 -74.158277 44.3 279.3 6725 64
11094861 39.798752 -76.981682 238.7 350.0 34000 0
10488282 39.801186 -76.976379 238.7 307.8 13050 -1216
10517577 40.106429 -74.163395 29.3 159.4 5300 0
11128030 38.813766 -77.033936 353.9 122.0 375 -704
7867691 42.023575 -73.1745 352.7 474.0 25850 960
11005651 42.371893 -71.0017 200.0 117.0 24000 -256
11021452 40.3306 -75.3568 152.1 319.1 7775 -1152
10502599 40.3023 -74.7959 43.0 334.0 7350 -1319
10603282 42.924282 -71.454163 223.6 87.0 625 960
11221153 41.928064 -75.581594 299.4 381.0 32000 64
10506881 40.801314 -74.576631 29.5 270.0 3725 64
10727716 38.436181 -75.763611 210.4 359.5 34000 0
11241292 40.080965 -76.316903 270.7 322.0 28000 -64
11169368 42.602793 -77.128111 76.3 535.3 35000 0
12585885 43.925575 -73.477348 357.3 461.0 29000 -128
10524771 42.49118 -70.962379 191.8 175.7 2750 -1024
10632911 42.4701 -71.3149 207.0 53.0 775 351
10536225 40.622786 -73.21108 266.5 82.2 2200 0
11188604 39.704636 -77.181396 238.4 250.1 10300 -1088
10664630 39.390176 -76.502197 230.6 309.1 34000 0
11238707 40.850967 -73.030579 220.5 81.6 1200 320
854193 39.247284 -77.014755 231.2 346.0 38000 0
11355685 39.914308 -74.420471 95.3 119.5 2325 -64
10681510 38.312399 -76.373609 37.0 121.4 6700 64
10905909 39.709763 -72.857746 275.5 406.9 41000 0
10697383 40.10317 -77.073711 272.1 360.2 36000 64
11265949 39.991584 -75.56952 226.9 302.8 5474 0
11221404 42.750599 -71.173241 200.0 72.0 800 -64
11052736 42.549728 -71.187661 36.4 547.8 31000 64
10699147 39.194401 -76.808502 230.0 346.0 36000 38
14979018 40.707558 -70.928546 187.4 365.0 4940 0
11211786 39.95105 -74.794861 301.4 84.4 350 -448
10529341 41.892197 -70.444274 268.9 103.0 2475 -768
11003437 38.665358 -74.765808 211.3 363.9 37975 0
11169635 40.356182 -74.952913 217.3 321.8 23050 -1024
11129932 38.439253 -76.872314 37.3 339.6 11900 -1152
11216665 41.617172 -76.692997 279.3 360.7 26000 -64
11173501 38.958984 -77.132385 220.8 344.0 32000 0
10909827 39.49585 -76.471069 224.5 352.2 38000 -64
11047227 39.124689 -73.891479 215.0 343.2 36000 64
10788745 38.533242 -76.834167 22.4 530.9 37025 -64
12610300 42.70628 -75.025505 275.0 207.0 20000 0
11220983 42.542647 -71.351155 331.9 153.0 2500 -576
10832962 40.729568 -77.670776 127.7 404.2 13975 -1472
11183580 42.454105 -73.725929 332.6 238.0 3925 -704
10703403 42.095673 -70.635473 47.7 316.4 7900 -768
11251403 40.311212 -78.021095 266.3 328.7 22000 0
10498970 39.219799 -76.767601 230.0 318.0 32003 18
10731904 42.771221 -71.490402 301.0 71.0 250 -576
10715703 41.328425 -77.588695 61.8 551.0 35000 49
11112529 39.933627 -76.866906 337.8 95.1 6300 -64
11181852 39.781311 -75.933022 235.7 313.7 15225 -1024
12613810 42.491592 -76.753296 211.0 401.0 38000 0
10590792 38.962361 -76.906494 205.9 302.0 5750 -1605
11349873 40.648293 -73.778748 202.5 0.0 -275 -576
4838183 42.176888 -73.66716 169.9 406.0 36000 -64
11115035 42.164177 -73.716345 201.8 118.5 2775 128
10978702 42.552702 -71.059698 24.3 216.2 4100 -960
11117593 38.855151 -74.433899 216.7 336.6 36050 64
10756578 39.295074 -77.505739 38.9 132.3 2100 -192
10574709 43.4277 -71.426598 2.0 161.0 2825 3
10492860 39.874088 -75.23436 75.9 18.0 -250 -64
10781098 40.965179 -74.242065 66.9 248.0 1725 -448
11204653 42.382461 -74.329728 246.5 202.9 15725 0
11109689 42.525888 -77.304851 292.5 394.1 38000 -64
11190665 41.616304 -74.552137 188.1 248.5 7250 -1856
11264292 42.222135 -70.592013 8.7 257.0 6300 -2304
12596671 41.828303 -74.210539 198.1 248.2 11500 -768
10835015 40.174629 -77.590317 258.2 361.0 35975 64
11061142 41.633148 -70.898458 209.2 354.1 22725 1152
11013249 40.977328 -74.088801 235.0 125.7 2225 -256
10716616 39.44669 -77.340698 91.3 389.1 11575 -576
11162943 40.7876 -73.2993 21.4 593.0 14675 1536
11128915 38.7793 -76.5766 85.0 548.0 6526 -2712
10923541 40.699768 -73.356934 309.2 91.7 850 128
11288170 41.827372 -73.461616 198.3 149.6 8500 -256
11147292 39.021561 -76.78076 296.6 109.6 2100 -64
11169240 40.739822 -72.143616 224.8 190.2 20000 0
11214916 42.664799 -72.226303 148.0 323.0 2350 579
11039969 42.368309 -70.941851 256.6 125.4 525 -704
11372393 37.820499 -75.4617 215.0 348.0 36000 46
10743996 42.420731 -71.108135 12.4 228.3 4750 0
10529196 41.7677 -74.2402 197.0 320.0 8150 -744
10650320 40.110106 -76.247302 77.7 500.0 13375 50
12599493 39.064171 -76.850403 167.3 437.7 35000 128
11152290 38.855209 -77.354139 1.8 260.1 3775 -64
11394833 40.702 -74.100403 268.0 95.0 300 1
11395242 40.150085 -75.937744 113.9 123.6 3300 -768
10538728 40.942647 -72.76114 317.8 86.4 2225 64
10685747 40.9775 -74.0524 253.0 324.0 1725 -960
10570907 41.15831 -72.995483 48.4 505.0 23000 64
11268562 40.221954 -74.471436 44.2 384.0 9725 -64
11144732 40.255861 -75.202664 227.0 324.1 21300 -1024
11334372 42.173395 -77.441924 222.5 385.0 34000 -64
11102126 38.94548 -77.13961 220.8 351.0 36000 0
11053127 42.377293 -70.997676 184.7 307.0 -250 -1872
10486447 39.426544 -75.023842 15.2 122.0 2800 320
11309216 39.857142 -75.78833 236.8 303.4 15775 -1280
12612892 40.963223 -77.881393 194.6 400.9 34025 0
11188841 40.577637 -74.994934 229.4 130.5 2350 64
11184714 38.427802 -76.375244 41.5 551.2 36000 0
10828649 39.0838 -76.8487 126.2 471.0 2025 -450
10603883 40.156 -77.2804 93.0 436.6 20050 -1472
10495836 41.121037 -74.08387 272.1 321.0 18950 1856
11281244 42.359324 -70.992694 256.7 71.1 -225 0
11350690 41.111073 -77.086383 19.4 171.7 4800 64
4689967 42.238678 -71.295464 206.2 407.9 40000 0
11360237 38.613917 -76.169128 41.9 571.4 32775 -2304
10923255 42.711411 -71.249834 214.1 123.1 2300 128
10719488 39.453394 -76.401245 230.3 338.0 32000 0
10837371 40.431363 -74.988306 127.3 84.2 1500 -64
10574440 41.0563 -73.2172 55.4 89.0 1700 192
11298950 40.302786 -77.835388 97.1 489.0 23125 90
11178785 41.005737 -74.172974 151.9 218.8 4375 -1088
10544434 40.810299 -73.083926 223.7 62.2 150 -512
10637880 42.973251 -73.122892 277.4 380.2 38000 0
11249722 41.097336 -77.201233 7.6 340.0 17600 -1472
11112148 39.097412 -77.469559 133.3 164.8 2100 -128
4343143 41.975006 -73.750221 190.1 313.0 27375 -960
10660826 41.462906 -76.363844 110.2 517.9 35000 64
11194852 41.685699 -71.713097 347.0 107.0 5200 -898
11058454 40.8889 -74.0612 85.1 356.3 500 -1984
10840138 40.197811 -74.426693 94.8 120.4 2400 -256
10654609 39.4702 -76.3119 207.5 268.0 8650 -410
10967751 38.961777 -75.772466 36.5 408.2 13150 -1664
10583670 39.870518 -75.246541 255.9 51.0 -250 -64
10764898 41.270874 -72.653076 62.4 511.3 23000 -64
10523193 40.902193 -73.738549 30.1 261.0 2100 -475
11245096 40.637146 -74.053528 43.3 283.0 5000 -2176
10804174 39.1657 -77.5951 111.0 170.0 1850 17
11243194 40.776513 -73.876565 32.4 7.0 -225 -768
10934308 40.700294 -74.407532 346.1 107.0 1875 124
11095082 39.883644 -75.235778 300.9 8.5 -250 -704
11273610 39.422699 -75.447892 68.6 285.6 6750 -512
4222623 41.454395 -71.795654 208.3 305.6 27800 -1664
11276376 41.063095 -73.692383 282.4 60.4 350 -576
11198914 40.78363 -73.413574 194.3 162.0 700 -128
10596360 39.694199 -74.7714 26.0 104.0 1800 265
11322873 39.0334 -77.436 1.0 264.0 100 17
10714305 40.97113 -75.106384 168.1 111.0 4300 0
10536594 42.380925 -74.952499 112.7 432.0 34275 1280
5031168 42.395775 -70.785679 256.9 159.1 2950 -960
10955627 37.791687 -75.664303 30.8 534.6 36975 -64
4689731 41.363339 -74.411836 198.1 251.4 6725 0
10521291 41.08786 -77.14563 99.9 511.0 29825 -2368
4196018 40.846985 -72.72821 235.5 233.0 11700 64
10806910 38.18708 -76.546226 228.5 128.2 3700 0
4921467 40.766785 -73.483276 289.3 218.2 3650 -512
11260420 41.981735 -72.743721 134.5 374.0 19000 0
11203058 42.343729 -70.594057 349.0 214.0 4100 -1664
10843554 41.232481 -72.975062 253.2 100.3 2800 64
10844701 41.275542 -74.585932 121.8 257.8 4750 64
5031180 40.103822 -76.645868 158.6 354.3 10675 -832
10646517 38.7934 -76.643 22.3 528.0 37400 64
10893980 38.831589 -74.799042 26.2 547.4 43000 -64
11226660 39.263412 -75.09021 317.9 125.0 2400 -128
10579581 39.722305 -75.553874 43.0 497.4 19950 -2304
11243635 40.567948 -74.960091 32.3 71.0 900 -512
11033770 38.885224 -75.87738 74.0 423.5 14700 -320
10491239 39.870632 -75.238823 84.4 0.0 -250 -128
11127563 41.1197 -74.6017 356.5 61.3 4325 -576
11138306 40.821899 -74.081726 206.6 174.4 2450 -576
11387332 41.569939 -72.630623 15.0 293.0 7300 -1472
10721811 38.637634 -74.671744 37.8 539.5 36975 -64
11207951 40.881599 -73.718102 6.0 171.0 1650 -1090
10661979 40.871338 -74.560242 55.4 276.0 5625 -512
10887351 42.642651 -71.07724 109.0 231.0 5750 -64
11265989 38.722198 -76.631897 47.7 304.4 8125 -1600
11359852 40.708303 -74.154719 206.0 136.0 -300 -320
10643354 39.136792 -75.686279 37.5 553.4 39000 0
11256474 40.733185 -73.659973 221.9 167.8 1750 -128
10564238 40.672504 -74.054468 152.5 54.0 600 12
10696415 39.304287 -74.967102 359.2 286.0 9500 -960
11357619 41.220245 -74.341309 194.2 110.0 2200 -384
4342590 40.653809 -72.161072 55.4 608.3 32975 0
11125481 39.98381 -74.808717 47.8 390.1 12800 -1920
794630 38.708801 -75.358902 18.0 501.0 39000 10
10922500 41.028117 -73.685053 24.1 112.8 875 -704
10861333 42.308257 -70.96114 176.5 148.3 5725 0
11399464 40.371311 -73.919197 309.3 249.0 2700 0
11171741 38.251968 -76.43767 39.5 530.0 37000 0
10745898 39.187698 -74.7118 32.0 578.0 27750 -3196
10629439 40.52298 -73.649963 43.0 561.1 34975 0
4344055 37.738037 -75.503662 38.6 561.0 35000 0
11267961 39.120126 -76.621521 324.8 149.3 1050 -704
11056206 38.833411 -76.1297 75.3 441.4 16050 -1984
10855116 40.688564 -74.597917 13.7 417.0 5700 -1744
10488228 38.782437 -76.78772 255.3 240.9 8450 -1664
10540843 39.898224 -75.10672 256.3 160.0 1650 -960
10711075 40.017746 -73.86071 28.5 326.0 10750 -384
10513363 39.69223 -74.945984 332.3 262.0 4725 -256
11225841 39.8864 -75.1698 43.0 549.0 -250 63
10905826 38.4979 -76.9393 40.0 497.0 25675 22
11222760 42.604111 -70.847709 230.4 83.1 1350 0
10768529 42.65332 -72.375932 99.5 454.2 21150 -704
10721990 42.173584 -77.52621 31.6 510.9 28125 -960
10616646 40.797638 -73.860596 211.5 124.0 75 -704
11041431 42.669643 -70.842079 183.5 97.0 1225 -448
10927304 41.829441 -72.552277 11.0 271.0 5825 -1728
10511221 40.634 -74.7102 322.1 244.0 3725 0
10711986 43.181717 -71.414965 158.5 147.3 2800 -768
11348722 40.8346 -73.7445 32.0 187.0 2725 0
11184530 40.745201 -74.576401 16.0 515.0 19875 -1856
11165055 43.019211 -73.671314 275.8 389.0 39975 64
10645256 40.656639 -75.434845 50.6 47.0 150 -192
11371631 40.574982 -73.926514 31.3 179.0 2700 64
3960932 39.410938 -75.964233 66.1 596.3 33000 64
10553649 38.649111 -77.211731 76.7 226.1 4500 -1408
11072795 42.728943 -71.601334 129.4 165.6 5250 64
12594311 40.184357 -73.098473 51.4 550.0 37000 0
10733824 40.290636 -74.7928 226.6 126.6 225 -704
10594583 41.8718 -71.0681 47.3 465.0 10725 -2342
10916768 39.618393 -75.134544 247.6 99.0 1225 64
10602540 40.537079 -74.718018 2.2 105.1 3300 -128
10651876 40.931428 -74.113208 122.2 539.0 3325 -7
11407855 41.573822 -76.372271 56.8 530.3 30975 0
11036919 39.528484 -74.403625 271.4 246.0 13300 -1408
10519926 40.263916 -74.712402 314.6 94.0 1200 -128
10919168 42.524597 -71.618999 85.2 201.7 5200 -128
10727578 42.419 -70.9788 196.6 575.0 700 -2717
11131228 39.725445 -75.57489 352.6 92.8 1000 192
11329615 40.525406 -74.134583 43.7 157.0 1050 -64
11017002 39.664415 -75.064331 50.7 279.3 5725 0
10635573 39.0858 -76.5638 310.0 116.0 1875 16
8819216 42.208054 -75.628136 121.8 525.0 34975 0
11024263 40.693501 -74.172272 11.3 0.0 -250 -1024
10659875 40.54942 -74.067952 33.0 268.2 5400 -1408
10622585 42.068253 -75.321518 123.4 433.0 18000 -256
12585200 39.680401 -75.350998 31.0 561.0 29000 19
11322789 41.706501 -72.599297 13.0 290.0 6924 -1344
10629632 41.047808 -76.848366 100.4 505.3 26625 -2560
11284097 39.15239 -76.121461 173.2 229.6 6725 0
11154259 42.578492 -70.887111 350.2 76.1 500 -64
11140148 40.452312 -74.66165 10.9 274.0 5725 -64
11352471 42.403595 -70.6838 287.9 166.0 3000 -512
10512040 41.025928 -74.884438 77.4 269.0 5075 -960
10543238 40.775478 -73.874723 61.9 0.0 -275 0
11054835 40.639267 -73.874634 31.6 173.0 1350 -960
10907780 42.203888 -72.258204 49.5 170.9 5300 -384
10897617 40.163502 -76.516092 97.8 426.6 16100 -1088
10886336 40.5856 -74.8394 325.8 131.0 1500 -704
10878984 41.787989 -71.711021 43.2 292.2 7625 -1728
11287609 41.03077 -74.321449 90.6 193.0 2725 64
11089412 40.730484 -75.891174 124.2 229.7 5675 -1088
10518911 40.74601 -74.130562 206.0 126.0 875 -768
11343962 41.762525 -71.340871 60.4 376.2 13550 -1024
11213895 40.502975 -73.973022 15.4 177.0 2700 0
11158098 42.364841 -71.015083 308.0 0.0 -250 -704
11362740 39.891102 -75.140602 251.0 139.0 -250 -822
11365397 37.999649 -75.726364 26.2 448.1 41000 0
10595674 41.0162 -73.4922 277.0 433.0 1750 -1910
11268981 40.877799 -75.101291 110.3 296.5 8750 -1216
11182628 39.880829 -75.194788 255.0 131.5 225 -768
11225825 40.3069 -74.2985 234.0 289.0 16450 1402
10669573 40.925629 -74.460083 77.6 251.0 4700 -128
11326105 42.696409 -74.860457 86.3 545.1 37000 64
10736877 40.647858 -73.771179 300.9 13.0 -275 -704
11381853 42.596229 -71.899386 100.0 374.7 15700 -1728
8159337 40.656189 -73.786804 120.1 137.0 -250 -192
10897922 40.049123 -75.202914 96.1 283.6 5725 0
11160951 40.646519 -73.772964 191.3 0.0 -250 -128
10906272 42.629141 -71.309445 82.6 324.0 8100 -1373
11229121 42.418762 -77.014223 79.3 529.2 33325 -1536
11074524 41.585766 -75.048757 320.5 133.5 8300 192
11386513 40.646167 -73.774535 191.3 0.0 -250 -896
10703483 38.406738 -76.290056 36.1 309.2 9275 -1984
11381758 40.971975 -73.644978 309.6 337.4 14550 3456
10713536 40.270665 -74.819953 222.6 67.9 825 1216
11385546 43.719498 -75.027104 287.4 388.7 32025 0
10668034 39.873225 -75.246887 308.0 0.0 14600 -704