60
10999652 40.726822 -73.544983 68.1 72.2 25 512
10542665 40.67308 -74.091248 95.3 140.0 1125 -512
10611991 40.835541 -74.037415 39.6 90.9 775 192
10712977 40.666731 -73.737987 76.7 199.4 1650 1280
11209254 40.7068 -73.9342 79.3 274.6 -400 -64
10833693 40.346918 -73.975816 250.2 233.8 18000 0
11123333 40.712173 -74.11792 343.3 62.0 -125 -192
11167729 40.653214 -74.068909 95.2 122.5 1100 256
10490130 40.5821 -73.870819 145.1 270.0 3700 2240
10671470 40.730118 -74.117554 27.6 25.0 -300 -128
10775567 40.710205 -73.975891 333.4 91.7 5000 -768
11235936 40.80825 -73.555901 333.9 311.7 14950 1920
11212744 40.692056 -74.030436 24.1 95.3 600 128
11202011 40.850357 -74.061867 331.9 12.0 -400 -896
10923541 40.720551 -73.401367 311.9 64.4 -275 -1088
10496662 40.733813 -73.413516 312.5 16.3 -225 -64
11109445 40.648956 -73.770874 202.5 1.3 -375 -704
10765630 40.700169 -74.181435 194.1 14.0 2175 -128
11358066 40.548722 -73.805965 99.0 286.6 5975 1856
12594834 40.704718 -74.060773 206.0 426.0 3600 0
10996736 40.643874 -73.75971 206.6 2.2 -400 -640
10594664 40.71333 -74.001035 201.3 96.6 1575 -384
11138306 40.646347 -74.194092 25.8 131.0 425 -704
10595615 40.703522 -74.01709 266.4 48.1 1625 320
10613147 40.962849 -73.820007 274.9 151.0 900 -192
10795522 40.628326 -74.020073 38.5 186.0 2100 -256
10800277 40.503333 -74.077877 52.0 196.6 4600 64
11223418 40.759552 -73.8349 141.4 374.0 -400 -1157
10909935 40.323578 -73.741455 35.4 444.0 25000 0
10678190 40.608495 -74.073008 41.8 489.2 27575 64
10605726 40.75802 -73.95297 214.9 101.3 1650 64
11204652 40.743851 -73.801697 137.0 301.0 -375 -500
4342776 40.824311 -73.815953 177.9 439.3 36000 0
11396617 40.418243 -73.840881 350.4 234.0 1100 64
11268802 40.721054 -73.892822 78.0 173.8 1675 -640
10709396 40.752388 -73.836552 75.0 203.0 -400 -854
10559321 40.695248 -74.175247 271.8 0.0 9650 -64
5031169 40.68988 -74.172043 244.7 6.0 -400 -64
11252662 40.75264 -73.836304 5.2 133.5 225 -576
11377148 40.747779 -73.81408 314.1 347.0 -400 -26
10939478 40.861725 -74.012451 254.2 249.4 7150 2496
10941111 40.643646 -73.759155 199.7 6.5 -375 -640
5023253 40.689857 -74.174454 286.9 5.0 33775 -64
10765619 40.682281 -73.962082 39.3 178.0 2175 128
10542587 40.777714 -73.87368 61.9 0.0 35450 -64
10812466 40.781067 -74.167053 48.9 155.2 1075 -64
11231043 40.690933 -74.170761 292.5 14.0 -400 -128
11399464 40.640213 -73.751648 185.6 1.8 -375 -832
10497088 40.837326 -74.095032 107.2 416.6 18800 0
10682537 40.715518 -73.762332 149.7 319.5 14750 -1792
10670716 40.6075 -73.6801 216.4 315.0 -375 -347
10827202 40.685692 -74.181244 354.4 3.0 -400 -512
11168704 40.691475 -74.165688 5.6 24.0 -375 -128
11368193 40.648949 -73.770759 188.4 0.0 -375 -768
4702658 40.692181 -74.175018 151.9 0.0 -400 -64
11278406 40.681141 -74.181747 23.4 0.0 112600 -256
5025699 40.650532 -73.774376 151.9 0.0 -375 -704
11390317 40.648865 -73.77063 210.9 3.5 -375 -64
10518677 40.8526 -73.953598 204.0 125.0 1089 -60
11382709 40.646679 -73.775503 210.9 6.5 -375 -576